front_cam:
  width: 1080
  height: 1920
  filename: "v4l2src device=/dev/video1 extra-controls=\"exposure_auto=0, white_balance_temperature_auto=1\" ! jpegdec ! video/x-raw, width=1920, height=1080, framerate=30/1 ! videoconvert ! appsink"
  intrinsic: [797.291347853076, 0.0, 954.0911522248246, 0.0, 797.7486635926731, 524.5785087770129 ,0.0, 0.0, 1.0]
  extrinsic: [-0.022046185426876273, -0.0014811900456108225, -0.002085499019587609, 0.0005973311977065658]
